0.000000
0.167437
0.333139
0.497187
0.659659
0.820632
0.980182
1.138381
1.295301
1.451011
1.605581
1.759077
1.911565
2.063110
2.213774
2.363620
2.512709
2.661101
2.808855
2.956029
3.102681
3.248867
3.394644
3.540066
3.685188
3.830064
3.974747
4.119291
4.263748
4.408170
4.552608
4.697114
4.841739
4.986534
5.131549
5.276833
5.422438
5.568414
5.714809
5.861673
6.009057
6.157009
6.305579
6.454817
6.604772
6.755494
6.907031
7.059435
7.212755
7.367040
7.522342
7.678710
7.836195
7.994847
8.154719
8.315860
8.478322
8.642158
8.807419
8.974158
9.142427
9.312280
9.483771
9.656952
9.831879
10.008605
10.187187
10.367679
10.550138
10.734620
10.921182
11.109881
11.300774
11.493921
11.689380
11.887209
12.087470
12.290222
12.495526
12.703442
12.914034
13.127363
13.343491
13.562482
13.784400
14.009309
14.237274
14.468359
14.702630
14.940154
15.180997
15.425225
15.672907
15.924109
16.178900
16.437348
16.699522
16.965491
17.235324
17.509091
17.786861
18.068705
18.354691
18.644891
18.939374
19.238211
19.541470
19.849224
20.161540
20.478489
20.800140
21.126561
21.457822
21.793989
22.135131
22.481314
22.832604
23.189066
23.550764
23.917762
24.290122
24.667903
25.051167
25.439970
25.834369
26.234419
26.640172
27.051680
27.468991
27.892153
28.321208
28.756199
29.197164
29.644140
30.097159
30.556252
31.021444
31.492759
31.970216
32.453831
32.943613
33.439571
33.941706
34.450017
34.964495
35.485130
36.011904
36.544793
37.083769
37.628798
38.179839
38.736845
39.299764
39.868534
40.443091
41.023359
41.609258
42.200699
42.797587
43.399819
44.007282
44.619858
45.237419
45.859829
46.486944
47.118612
47.754671
48.394952
49.039276
49.687457
50.339298
50.994595
51.653136
52.314698
52.979051
53.645957
54.315168
54.986428
55.659475
56.334037
57.009835
57.686582
58.363984
59.041741
59.719545
60.397084
61.074036
61.750077
62.424877
63.098100
63.769408
64.438456
65.104900
65.768389
66.428571
67.085095
67.737605
68.385746
69.029169
69.667553
70.300602
70.928027
71.549552
72.164912
72.773854
73.376133
73.971520
74.559796
75.140751
75.714191
76.279932
76.837801
77.387637
77.929292
78.462627
78.987517
79.503845
80.011508
80.510411
81.000473
81.481620
81.953789
82.416927
82.870992
83.315948
83.751771
84.178444
84.595958
85.004314
85.403517
85.793584
86.174535
86.546399
86.909210
87.263011
87.607847
87.943769
88.270837
88.589111
88.898658
89.199548
89.491858
89.775664
90.051049
90.318097
90.576897
90.827540
91.070116
91.304723
91.531456
91.750414
91.961697
92.165406
92.361645
92.550515
92.732122
92.906570
93.073963
93.234408
93.388008
93.534871
93.675100
93.808801
93.936078
94.057035
94.171776
94.280402
94.383016
94.479718
94.570609
94.655786
94.735349
94.809392
94.878012
94.941303
94.999357
95.052264
95.100116
95.143001
95.181004
95.214211
95.242707
95.266572
95.285888
95.300733
95.311184
95.317316
95.319205
95.316920
95.310534
95.300114
95.285727
95.267438
95.245312
95.219409
95.189790
95.156512
95.119633
95.079207
95.035287
94.987924
94.937168
94.883067
94.825667
94.765012
94.701145
94.634107
94.563937
94.490673
94.414351
94.335006
94.252668
94.167370
94.079141
93.988007
93.893996
93.797130
93.697433
93.594924
93.489624
93.381550
93.270717
93.157139
93.040829
92.921797
92.800052
92.675602
92.548452
92.418604
92.286063
92.150848
92.013002
91.872571
91.729599
91.584128
91.436200
91.285855
91.133134
90.978075
90.820716
90.661094
90.499245
90.335205
90.169009
90.000689
89.830281
89.657817
89.483328
89.306846
89.128403
88.948029
88.765754
88.581607
88.395618
88.207815
88.018227
87.826882
87.633807
87.439029
87.242576
87.044475
86.844751
86.643431
86.440542
86.236108
86.030156
85.822711
85.613799
85.403445
85.191674
84.978511
84.763981
84.548110
84.330921
84.112442
83.892695
83.671707
83.449503
83.226107
83.001545
82.775842
82.549024
82.321116
82.092145
81.862135
81.631114
81.399107
81.166142
80.932244
80.697441
80.461761
80.225231
79.987879
79.749733
79.510822
79.271175
79.030822
78.789792
78.548116
78.305824
78.062948
77.819519
77.575569
77.331132
77.086240
76.840928
76.595230
76.349181
76.102817
75.856175
75.609291
75.362203
75.114951
74.867573
74.620110
74.372602
74.125092
73.877623
73.630237
73.382981
73.135899
72.889038
72.642445
72.396170
72.150263
71.904773
71.659754
71.415258
71.171341
70.928058
70.685466
70.443624
70.202592
69.962431
69.723205
69.484977
69.247813
69.011782
68.776952
68.543395
68.311183
68.080391
67.851095
67.623374
67.397308
67.172979
66.950472
66.729874
66.511274
66.294762
66.080433
65.868382
65.658708
65.451511
65.246896
65.044968
64.845838
64.649616
64.456418
64.266363
64.079570
63.896148
63.716122
63.539495
63.366269
63.196448
63.030038
62.867045
62.707474
62.551335
62.398636
62.249387
62.103599
61.961284
61.822456
61.687127
61.555314
61.427032
61.302299
61.181132
61.063552
60.949578
60.839232
60.732536
60.629514
60.530191
60.434592
60.342744
60.254676
60.170415
60.089994
60.013442
59.940793
59.872080
59.807338
59.746602
59.689910
59.637301
59.588813
59.544487
59.504365
59.468489
59.436905
59.409656
59.386790
59.368355
59.354398
59.344970
59.340122
59.339907
59.344377
59.353588
59.367594
59.386454
59.410224
59.438964
59.472734
59.511594
59.555608
59.604838
59.659349
59.719205
59.784473
59.855219
59.931511
60.013417
60.101008
60.194352
60.293521
60.398585
60.509616
60.626686
60.749868
60.879234
61.014858
61.156812
61.305170
61.460004
61.621387
61.789392
61.964091
62.145555
62.333855
62.529061
62.731241
62.940464
63.156796
63.380302
63.611044
63.849085
64.094483
64.347294
64.607575
64.875374
65.150742
65.433723
65.724359
66.022688
66.328743
66.642554
66.964145
67.293536
67.630741
67.975768
68.328621
68.689295
69.057781
69.434060
69.818108
70.209893
70.609373
71.016501
71.431216
71.853453
72.283135
72.720174
73.164474
73.615927
74.074413
74.539803
75.011955
75.490714
75.975915
76.467378
76.964912
77.468311
77.977359
78.491822
79.011456
79.536002
80.065186
80.598722
81.136311
81.677677
82.222574
82.770752
83.321955
83.875923
84.432388
84.991081
85.551726
86.114043
86.677751
87.242562
87.808189
88.374341
88.940723
89.507042
90.073002
90.638307
91.202659
91.765764
92.327324
92.887046
93.444637
93.999805
94.552262
95.101722
95.647902
96.190524
96.729312
97.263997
97.794312
98.319996
98.840795
99.356458
99.866744
100.371414
100.870239
101.362995
101.849466
102.329442
102.802723
103.269115
103.728432
104.180496
104.625137
105.062194
105.491514
105.912952
106.326370
106.731642
107.128647
107.517274
107.897419
108.268989
108.631896
108.986062
109.331416
109.667896
109.995448
110.314024
110.623584
110.924097
111.215538
111.497888
111.771137
112.035279
112.290318
112.536260
112.773121
113.000920
113.219683
113.429441
113.630230
113.822092
114.005071
114.179219
114.344590
114.501243
114.649240
114.788647
114.919535
115.041975
115.156044
115.261820
115.359384
115.448820
115.530213
115.603651
115.669224
115.727022
115.777139
115.819668
115.854704
115.882344
115.902684
115.915822
115.921855
115.920883
115.913003
115.898316
115.876919
115.848912
115.814394
115.773462
115.726214
115.672749
115.613163
115.547551
115.476011
115.398635
115.315519
115.226754
115.132433
115.032647
114.927484
114.817034
114.701384
114.580619
114.454824
114.324083
114.188477
114.048087
113.902993
113.753271
113.598999
113.440250
113.277098
113.109615
112.937870
112.761933
112.581870
112.397747
112.209633
112.017608
111.821759
111.622169
111.418920
111.212093
111.001769
110.788026
110.570945
110.350600
110.127070
109.900429
109.670752
109.438112
109.202583
108.964235
108.723141
108.479370
108.232992
107.984075
107.732688
107.478897
107.222768
106.964368
106.703760
106.441010
106.176180
105.909334
105.640533
105.369838
105.097311
104.823012
104.546999
104.269332
103.990068
103.709266
103.426982
103.143272
102.858192
102.571797
102.284142
101.995280
101.705265
101.414149
101.121985
100.828824
100.534717
100.239715
99.943868
99.647224
99.349834
99.051744
98.753003
98.453659
98.153757
97.853344
97.552465
97.251166
96.949492
96.647486
96.345192
96.042652
95.739911
95.437008
95.133987
94.830888
94.527752
94.224619
93.921528
93.618518
93.315628
93.012896
92.710359
92.408056
92.106021
91.804292
91.502905
91.201893
90.901292
90.601137
90.301461
90.002296
89.703677
89.405636
89.108203
88.811411
88.515291
88.219873
87.925188
87.631264
87.338131
87.045817
86.754351
86.463761
86.174073
85.885315
85.597513
85.310693
85.024881
84.740101
84.456379
84.173738
83.892203
83.611796
83.332540
83.054459
82.777574
82.501906
82.227478
81.954309
81.682420
81.411832
81.142563
80.874633
80.608060
80.342863
80.079060
79.816669
79.555706
79.296188
79.038131
78.781552
78.526466
78.272889
78.020834
77.770317
77.521351
77.273950
77.028128
76.783897
76.541269
76.300253
76.060773
75.822692
75.585873
75.350181
75.115481
74.881642
74.648534
74.416027
74.183996
73.952315
73.720860
73.489511
73.258146
73.026647
72.794898
72.562784
72.330189
72.097003
71.863115
71.628415
71.392797
71.156152
70.918378
70.679369
70.439025
70.197244
69.953925
69.708972
69.462287
69.213773
68.963335
68.710881
68.456316
68.199549
67.940489
67.679046
67.415130
67.148655
66.879531
66.607673
66.332995
66.055411
65.774836
65.491187
65.204380
64.914333
64.620962
64.324187
64.023924
63.720094
63.412616
63.101408
62.786391
62.467484
62.144607
61.817682
61.486627
61.151364
60.811813
60.467894
60.119528
59.766634
59.409134
59.046945
58.679990
58.308185
57.931452
57.549708
57.162872
56.770861
56.373593
55.970985
55.562954
55.149414
54.730282
54.305471
53.874895
53.438467
52.996099
52.547702
52.093187
51.632462
51.165437
50.692018
50.212112
49.725623
49.232456
48.732512
48.225694
47.711901
47.191032
46.662983
46.127650
45.584927
45.034707
44.476879
43.911334
43.337957
42.756635
42.167250
41.569684
40.963815
40.349522
39.726679
39.095158
38.454829
37.805561
37.147219
36.479666
35.802762
35.116363
34.420325
33.714500
32.998735
32.272876
31.536767
30.790245
30.033146
29.265303
28.486544
27.696694
26.895574
26.083000
25.258786
24.422741
23.574669
22.714370
21.841640
20.956268
20.058041
19.146740
18.222139
17.284009
16.332115
15.366216
14.386063
13.391405
12.381982
11.357528
10.317770
9.262428
8.191217
7.103841
6.000000
