0.000000
0.167253
0.332399
0.495509
0.656655
0.815903
0.973322
1.128974
1.282922
1.435227
1.585948
1.735141
1.882864
2.029170
2.174112
2.317742
2.460110
2.601265
2.741255
2.880126
3.017926
3.154697
3.290485
3.425331
3.559278
3.692367
3.824637
3.956129
4.086881
4.216931
4.346316
4.475074
4.603240
4.730849
4.857937
4.984538
5.110685
5.236413
5.361754
5.486740
5.611404
5.735777
5.859891
5.983777
6.107464
6.230984
6.354366
6.477640
6.600835
6.723981
6.847106
6.970240
7.093410
7.216644
7.339971
7.463419
7.587015
7.710787
7.834763
7.958968
8.083432
8.208179
8.333239
8.458636
8.584398
8.710552
8.837124
8.964140
9.091627
9.219610
9.348117
9.477173
9.606805
9.737038
9.867898
9.999412
10.131604
10.264502
10.398130
10.532514
10.667681
10.803655
10.940462
11.078128
11.216678
11.356138
11.496532
11.637886
11.780224
11.923573
12.067957
12.213401
12.359929
12.507565
12.656336
12.806263
12.957373
13.109688
13.263233
13.418031
13.574104
13.731477
13.890172
14.050212
14.211618
14.374413
14.538618
14.704254
14.871342
15.039903
15.209955
15.381519
15.554613
15.729256
15.905465
16.083258
16.262650
16.443658
16.626297
16.810580
16.996521
17.184134
17.373428
17.564416
17.757107
17.951509
18.147630
18.345477
18.545055
18.746367
18.949416
19.154204
19.360730
19.568994
19.778991
19.990716
20.204165
20.419327
20.636194
20.854754
21.074992
21.296894
21.520441
21.745614
21.972391
22.200747
22.430656
22.662089
22.895016
23.129402
23.365210
23.602403
23.840939
24.080774
24.321861
24.564150
24.807590
25.052124
25.297695
25.544243
25.791702
26.040006
26.289086
26.538868
26.789277
27.040234
27.291658
27.543464
27.795565
28.047869
28.300285
28.552716
28.805062
29.057224
29.309097
29.560573
29.811545
30.061901
30.311528
30.560309
30.808128
31.054864
31.300397
31.544603
31.787360
32.028540
32.268018
32.505667
32.741358
32.974964
33.206354
33.435401
33.661975
33.885949
34.107195
34.325585
34.540995
34.753298
34.962380
35.168183
35.370672
35.569820
35.765604
35.958005
36.147008
36.332603
36.514785
36.693551
36.868904
37.040851
37.209402
37.374572
37.536378
37.694842
37.849988
38.001845
38.150444
38.295818
38.438005
38.577045
38.712979
38.845853
38.975713
39.102608
39.226590
39.347711
39.466026
39.581591
39.694464
39.804703
39.912370
40.017524
40.120230
40.220549
40.318546
40.414285
40.507831
40.599250
40.688608
40.775970
40.861404
40.944976
41.026752
41.106799
41.185184
41.261972
41.337229
41.411022
41.483416
41.554476
41.624267
41.692853
41.760298
41.826665
41.892017
41.956416
42.019923
42.082600
42.144508
42.205705
42.266251
42.326205
42.385624
42.444565
42.503085
42.561239
42.619084
42.676672
42.734059
42.791296
42.848438
42.905535
42.962639
43.019800
43.077069
43.134496
43.192128
43.250015
43.308204
43.366742
43.425677
43.485055
43.544922
43.605323
43.666304
43.727909
43.790182
43.853168
43.916910
43.981452
44.046837
44.113107
44.180306
44.248477
44.317661
44.387900
44.459238
44.531716
44.605377
44.680261
44.756413
44.833873
44.912684
44.992888
45.074528
45.157647
45.242288
45.328493
45.416306
45.505772
45.596933
45.689836
45.784524
45.881043
45.979439
46.079759
46.182050
46.286359
46.392735
46.501227
46.611885
46.724760
46.839902
46.957365
47.077202
47.199467
47.324216
47.451506
47.581393
47.713937
47.849155
47.987014
48.127473
48.270498
48.416051
48.564097
48.714604
48.867537
49.022865
49.180556
49.340581
49.502909
49.667511
49.834360
50.003428
50.174689
50.348116
50.523684
50.701368
50.881144
51.062988
51.246877
51.432788
51.620699
51.810589
52.002434
52.196216
52.391913
52.589505
52.788973
52.990296
53.193456
53.398434
53.605211
53.813769
54.024090
54.236156
54.449950
54.665453
54.882650
55.101522
55.322053
55.544226
55.768025
55.993433
56.220434
56.449011
56.679148
56.910829
57.144037
57.378758
57.614974
57.852669
58.091828
58.332434
58.574472
58.817924
59.062774
59.309007
59.556606
59.805554
60.055835
60.307431
60.560326
60.814503
61.069945
61.326633
61.584550
61.843679
62.104001
62.365498
62.628151
62.891941
63.156849
63.422856
63.689941
63.958085
64.227266
64.497465
64.768658
65.040826
65.313945
65.587994
65.862948
66.138784
66.415479
66.693007
66.971343
67.250462
67.530338
67.810943
68.092250
68.374230
68.656855
68.940095
69.223920
69.508299
69.793199
70.078589
70.364434
70.650701
70.937354
71.224356
71.511671
71.799261
72.087086
72.375107
72.663282
72.951569
73.239924
73.528302
73.816659
74.104945
74.393114
74.681116
74.968898
75.256409
75.543595
75.830399
76.116765
76.402634
76.687946
76.972637
77.256646
77.539905
77.822348
78.103904
78.384502
78.664069
78.942529
79.219804
79.495832
79.770633
80.044254
80.316742
80.588144
80.858505
81.127875
81.396298
81.663823
81.930497
82.196367
82.461481
82.725886
82.989630
83.252763
83.515332
83.777386
84.038975
84.300147
84.560953
84.821442
85.081665
85.341673
85.601518
85.861250
86.120921
86.380586
86.640295
86.900104
87.160066
87.420236
87.680668
87.941419
88.202545
88.464103
88.726150
88.988745
89.251945
89.515812
89.780404
90.045784
90.312011
90.579150
90.847261
91.116411
91.386662
91.658081
91.930733
92.204685
92.480006
92.756763
93.035026
93.314865
93.596351
93.879556
94.164553
94.451414
94.740215
95.031031
95.323937
95.619010
95.916328
96.215969
96.518013
96.822539
97.129628
97.439361
97.751820
98.067089
98.385250
98.706388
99.030586
99.357930
99.688506
100.022399
100.359695
100.700482
101.044845
101.392872
101.744649
102.100264
102.459803
102.823353
103.191001
103.562832
103.938931
104.319384
104.704275
105.093685
105.487698
105.886394
106.289853
106.698151
107.111366
107.529571
107.952839
108.381238
108.814837
109.253699
109.697886
110.147455
110.602462
111.062958
111.528988
112.000596
112.477819
112.960691
113.449239
113.943486
114.443448
114.949136
115.460554
115.977699
116.500562
117.029125
117.563364
118.103245
118.648727
119.199761
119.756287
120.318236
120.885531
121.458084
122.035797
122.618560
123.206254
123.798750
124.395904
124.997566
125.603568
126.213736
126.827881
127.445785
128.067207
128.691897
129.319602
129.950064
130.583017
131.218195
131.855327
132.494135
133.134343
133.775669
134.417829
135.060538
135.703508
136.346452
136.989079
137.631102
138.272230
138.912176
139.550653
140.187373
140.822054
141.454413
142.084172
142.711055
143.334790
143.955109
144.571747
145.184445
145.792950
146.397013
146.996390
147.590844
148.180146
148.764070
149.342399
149.914924
150.481442
151.041757
151.595681
152.143034
152.683646
153.217352
153.743995
154.263431
154.775518
155.280127
155.777135
156.266429
156.747904
157.221462
157.687014
158.144481
158.593790
159.034877
159.467685
159.892167
160.308282
160.715997
161.115286
161.506130
161.888520
162.262450
162.627923
162.984948
163.333540
163.673721
164.005517
164.328962
164.644095
164.950958
165.249602
165.540079
165.822448
166.096771
166.363115
166.621551
166.872153
167.114999
167.350170
167.577750
167.797827
168.010491
168.215833
168.413948
168.604934
168.788888
168.965911
169.136104
169.299572
169.456418
169.606749
169.750669
169.888288
170.019712
170.145051
170.264412
170.377905
170.485639
170.587723
170.684265
170.775376
170.861163
170.941734
171.017197
171.087659
171.153226
171.214005
171.270099
171.321614
171.368652
171.411315
171.449705
171.483921
171.514063
171.540229
171.562515
171.581017
171.595829
171.607044
171.614753
171.619048
171.620016
171.617746
171.612325
171.603836
171.592363
171.577989
171.560795
171.540859
171.518260
171.493036
171.465085
171.434280
171.400495
171.363607
171.323496
171.280045
171.233138
171.182664
171.128512
171.070577
171.008752
170.942937
170.873032
170.798939
170.720564
170.637815
170.550600
170.458833
170.362427
170.261300
170.155371
170.044560
169.928791
169.807989
169.682081
169.550998
169.414671
169.273034
169.126022
168.973574
168.815629
168.652128
168.483016
168.308238
168.127742
167.941476
167.749392
167.551444
167.347586
167.137774
166.921968
166.700127
166.472213
166.238191
165.998025
165.751683
165.499133
165.240347
164.975295
164.703953
164.426294
164.142297
163.851939
163.555201
163.252063
162.942511
162.626527
162.304098
161.975211
161.639856
161.298023
160.949704
160.594892
160.233581
159.865768
159.491451
159.110627
158.723297
158.329461
157.929124
157.522288
157.108958
156.689141
156.262845
155.830078
155.390850
154.945172
154.493056
154.034516
153.569566
153.098222
152.620501
152.136419
151.645996
151.149252
150.646207
150.136882
149.621302
149.099490
148.571469
148.037266
147.496908
146.950421
146.397834
145.839176
145.274477
144.703767
144.127079
143.544444
142.955896
142.361469
141.761197
141.155116
140.543262
139.925671
139.302381
138.673431
138.038858
137.398702
136.753004
136.101804
135.445143
134.783062
134.115605
133.442813
132.764731
132.081402
131.392870
130.699180
130.000378
129.296509
128.587619
127.873755
127.154964
126.431293
125.702789
124.969501
124.231478
123.488767
122.741418
121.989487
121.233131
120.472587
119.708083
118.939842
118.168083
117.393016
116.614845
115.833769
115.049979
114.263663
113.475000
112.684166
111.891328
111.096650
110.300290
109.502400
108.703127
107.902612
107.100992
106.298399
105.494959
104.690793
103.886019
103.080749
102.275091
101.469149
100.663020
99.856800
99.050580
98.244446
97.438480
96.632761
95.827365
95.022362
94.217820
93.413803
92.610372
91.807583
91.005491
90.204147
89.403598
88.603889
87.805061
87.007154
86.210202
85.414241
84.619299
83.825405
83.032584
82.240859
81.450250
80.660776
79.872453
79.085293
78.299308
77.514508
76.730898
75.948486
75.167273
74.387260
73.608448
72.830832
72.054410
71.279174
70.505117
69.732229
68.960500
68.189915
67.420461
66.652121
65.884879
65.118714
64.353608
63.589537
62.826478
62.064407
61.303298
60.543124
59.783855
59.025461
58.267913
57.511175
56.755217
56.000001
55.245491
54.491652
53.738443
52.985825
52.233757
51.482196
50.731100
49.980424
49.230123
48.480148
47.730453
46.980989
46.231705
45.482549
44.733470
43.984413
43.235323
42.486145
41.736821
40.987293
40.237501
39.487384
38.736880
37.985926
37.234457
36.482407
35.729710
34.976296
34.222096
33.467039
32.711053
31.954063
31.195994
30.436769
29.676310
28.914538
28.151370
27.386724
26.620516
25.852660
25.083066
24.311647
23.538310
22.762962
21.985509
21.205852
20.423894
19.639534
18.852667
18.063189
17.270993
16.475969
15.678005
14.876986
14.072796
13.265315
12.454421
11.639989
10.821892
10.000000
